id	normCarbs	normFat	normProtein	cluster
58	0.0	0.002582496413199426	0.9974175035868006	1
55	0.0	0.12442396313364054	0.8755760368663594	1
48	0.0	0.4563894523326572	0.5436105476673428	1
54	0.0	0.40178571428571425	0.5982142857142857	1
79	0.027586206896551724	0.27487684729064044	0.6975369458128079	1
77	0.07192807192807192	0.33266733266733267	0.5954045954045953	1
83	0.03429796355841372	0.12540192926045016	0.8403001071811361	1
82	0.0	0.22111010009099183	0.7788898999090081	1
80	0.014773776546629733	0.3573407202216066	0.6278855032317636	1
84	0.013407821229050279	0.15083798882681565	0.8357541899441341	1
1448	0.007380073800738008	0.3321033210332104	0.6605166051660517	1
67	0.0	0.4119922630560928	0.5880077369439072	1
69	0.0	0.23809523809523808	0.7619047619047619	1
1449	0.014184397163120567	0.2553191489361702	0.7304964539007092	1
70	0.0	0.27395715896279593	0.7260428410372041	1
74	0.0	0.20769230769230768	0.7923076923076924	1
1450	0.0100418410041841	0.26359832635983266	0.7263598326359832	1
1451	0.06355140186915888	0.1514018691588785	0.7850467289719626	1
941	0.0	0.3798925556408288	0.6201074443591711	1
19	0.0752823086574655	0.10163111668757843	0.8230865746549562	1
7	0.0	0.3853904282115869	0.6146095717884131	1
33	0.36177474402730375	0.2150170648464164	0.42320819112627994	1
924	0.0	0.17857142857142858	0.8214285714285714	1
923	0.0	0.1794871794871795	0.8205128205128205	1
922	0.0	0.2795031055900621	0.7204968944099379	1
921	0.0	0.32197614991482115	0.6780238500851788	1
928	0.0	0.26627218934911245	0.7337278106508875	1
927	0.0	0.16147308781869688	0.8385269121813032	1
925	0.0	0.3712062256809338	0.6287937743190661	1
931	0.023501762632197415	0.07403055229142186	0.9024676850763808	1
933	0.0	0.4788540245566166	0.5211459754433834	1
932	0.0	0.23725834797891038	0.7627416520210897	1
934	0.0	0.06419400855920114	0.9358059914407989	1
938	0.0	0.33582089552238803	0.664179104477612	1
248	0.0	0.4362657091561939	0.563734290843806	1
249	0.0	0.5073720728534259	0.49262792714657416	1
263	0.24123422159887797	0.06311360448807854	0.6956521739130436	1
261	0.21472392638036808	0.05521472392638037	0.7300613496932515	1
260	0.058027079303675046	0.4700193423597679	0.471953578336557	1
255	0.010801080108010801	0.44554455445544555	0.5436543654365437	1
268	0.0	0.1658986175115207	0.8341013824884792	1
776	0.008802816901408451	0.4911971830985916	0.5	1
99	0.0	0.1111111111111111	0.8888888888888888	1
286	0.0	0.23478260869565218	0.7652173913043478	1
97	0.0	0.2303317535545024	0.7696682464454977	1
298	0.010704727921498663	0.29705619982158793	0.6922390722569135	1
312	0.0	0.06733167082294264	0.9326683291770573	1
316	0.05029337803855826	0.2187761944677284	0.7309304274937134	1
317	0.11278952668680765	0.3353474320241692	0.5518630412890232	1
318	0.0	0.08166969147005444	0.9183303085299456	1
319	0.0	0.4844720496894411	0.515527950310559	1
592	0.08695652173913043	0.0	0.9130434782608695	1
300	0.0	0.11688311688311688	0.8831168831168831	1
305	0.0	0.0	1.0	1
331	0.2983050847457627	0.2745762711864407	0.4271186440677966	1
321	0.0	0.08256880733944955	0.9174311926605504	1
320	0.014947683109118086	0.4708520179372197	0.5142002989536621	1
352	0.2731707317073171	0.21951219512195122	0.5073170731707317	1
341	0.05809128630705394	0.03734439834024896	0.9045643153526971	1
351	0.0	0.2707383773928897	0.7292616226071102	1
549	0.0279441117764471	0.23353293413173654	0.7385229540918163	1
548	0.026468155500413565	0.36476426799007444	0.608767576509512	1
1109	0.0	0.0	1.0	1
919	0.0	0.2997438087105039	0.7002561912894962	1
918	0.0	0.17857142857142858	0.8214285714285714	1
913	0.04040404040404041	0.45454545454545453	0.5050505050505051	1
910	0.02575896964121435	0.09107635694572218	0.8831646734130635	1
914	0.013407821229050279	0.15083798882681565	0.8357541899441341	1
908	0.0	0.08990011098779134	0.9100998890122087	1
907	0.0	0.3501945525291829	0.6498054474708171	1
909	0.0	0.03953147877013177	0.9604685212298681	1
905	0.0	0.512630014858841	0.487369985141159	1
109	0.0	0.3577106518282989	0.6422893481717011	1
105	0.0	0.0	1.0	1
106	0.0	0.2884615384615385	0.7115384615384616	1
506	0.010802052389954091	0.03645692681609506	0.9527410207939508	1
118	0.030160226201696512	0.48350612629594725	0.48633364750235625	1
110	0.0	0.18435754189944137	0.8156424581005587	1
111	0.0	0.1864406779661017	0.8135593220338984	1
112	0.0	0.3577981651376147	0.6422018348623852	1
1346	0.0	0.4008097165991903	0.5991902834008097	1
1347	0.3118908382066277	0.2982456140350877	0.38986354775828463	1
1342	0.0	0.5130641330166271	0.486935866983373	1
1140	0.026468155500413565	0.36476426799007444	0.608767576509512	1
1141	0.0	0.20769230769230768	0.7923076923076924	1
1171	0.0	0.2	0.7999999999999999	1
1170	0.0	0.18685121107266436	0.8131487889273357	1
869	0.3215434083601286	0.14469453376205788	0.5337620578778135	1
873	0.03429796355841372	0.12540192926045016	0.8403001071811361	1
874	0.0709010339734121	0.06646971935007386	0.862629246676514	1
876	0.0	0.2285983066792098	0.7714016933207902	1
877	0.03921568627450981	0.14438502673796794	0.8163992869875223	1
878	0.0	0.40298507462686567	0.5970149253731344	1
879	0.0	0.09451575262543759	0.9054842473745625	1
602	0.09876543209876543	0.1111111111111111	0.7901234567901234	1
814	0.004004004004004004	0.4954954954954955	0.5005005005005004	1
813	0.012779552715654952	0.3738019169329074	0.6134185303514377	1
5007	0.0	0.3435114503816794	0.6564885496183206	1
5008	0.0	0.2997438087105039	0.7002561912894962	1
5005	0.0	0.1794871794871795	0.8205128205128205	1
5006	0.0	0.16147308781869688	0.8385269121813032	1
5009	0.0	0.2997438087105039	0.7002561912894962	1
5010	0.0	0.3712062256809338	0.6287937743190661	1
5012	0.0	0.32197614991482115	0.6780238500851788	1
5002	0.0	0.1159563924677899	0.8840436075322101	1
5001	0.0	0.09989909182643794	0.900100908173562	1
5004	0.0	0.1237721021611002	0.8762278978388999	1
5003	0.0	0.09127789046653144	0.9087221095334685	1
143	0.0341005967604433	0.3145780051150895	0.6513213981244672	1
144	0.13445378151260504	0.226890756302521	0.6386554621848739	1
145	0.14263074484944532	0.21394611727416799	0.6434231378763867	1
146	0.07407407407407407	0.24637681159420288	0.679549114331723	1
131	0.0	0.3907083015993907	0.6092916984006093	1
130	0.021238938053097345	0.33451327433628325	0.6442477876106194	1
129	0.03921568627450981	0.14438502673796794	0.8163992869875223	1
127	0.0	0.5118210862619809	0.4881789137380192	1
128	0.01547987616099071	0.3622291021671826	0.6222910216718266	1
123	0.0	0.018036072144288578	0.9819639278557114	1
142	0.035424354243542434	0.31217712177121776	0.6523985239852399	1
136	0.0	0.4761290322580645	0.5238709677419355	1
137	0.0	0.46898263027295295	0.5310173697270472	1
683	0.2736156351791531	0.20521172638436483	0.5211726384364821	1
890	0.0	0.03430749682337992	0.96569250317662	1
190	0.039473684210526314	0.2763157894736842	0.6842105263157895	1
386	0.395	0.18	0.425	1
191	0.04612159329140461	0.2830188679245283	0.670859538784067	1
188	0.07407407407407407	0.26315789473684215	0.6627680311890839	1
889	0.39446366782006925	0.06228373702422146	0.5432525951557093	1
187	0.18004866180048662	0.24087591240875914	0.5790754257907542	1
888	0.0	0.06733167082294264	0.9326683291770573	1
189	0.009900990099009901	0.17821782178217824	0.8118811881188118	1
881	0.0	0.022222222222222223	0.9777777777777779	1
880	0.0	0.09045226130653265	0.9095477386934673	1
882	0.0	0.03379224030037546	0.9662077596996245	1
885	0.0	0.4391283751776409	0.5608716248223591	1
887	0.0	0.3756260434056761	0.6243739565943238	1
886	0.0	0.450336071695295	0.5496639283047049	1
199	0.0	0.3083665338645418	0.6916334661354582	1
1557	0.008802816901408451	0.4911971830985916	0.5	1
894	0.0	0.14626218851570966	0.8537378114842904	1
893	0.0	0.03430749682337992	0.96569250317662	1
892	0.0	0.10843373493975904	0.891566265060241	1
891	0.0	0.13912009512485138	0.8608799048751486	1
898	0.06263982102908276	0.4630872483221476	0.4742729306487695	1
897	0.0	0.05172413793103449	0.9482758620689656	1
896	0.0	0.06870229007633587	0.931297709923664	1
895	0.0	0.06601466992665035	0.9339853300733496	1
378	0.0	0.28836424957841483	0.7116357504215852	1
483	0.0	0.15555555555555556	0.8444444444444446	1
471	0.0	0.10638297872340426	0.8936170212765957	1
236	0.0	0.15643105446118194	0.8435689455388181	1
433	0.0	0.49330085261875767	0.5066991473812424	1
240	0.0	0.512630014858841	0.487369985141159	1
431	0.0	0.3343239227340268	0.6656760772659732	1
428	0.02824858757062147	0.4067796610169492	0.5649717514124294	1
425	0.0	0.28699918233851185	0.7130008176614882	1
422	0.0	0.40484429065743943	0.5951557093425606	1
420	0.0	0.39462517680339465	0.6053748231966053	1
421	0.0	0.33749999999999997	0.6625	1
211	0.0	0.2915766738660907	0.7084233261339092	1
218	0.0	0.12840466926070038	0.8715953307392995	1
219	0.04	0.13499999999999998	0.825	1
417	0.0	0.3868194842406877	0.6131805157593123	1
418	0.0	0.47836835599505556	0.5216316440049443	1
419	0.0	0.20143240823634737	0.7985675917636527	1
201	0.0	0.45407503234152646	0.5459249676584734	1
404	0.06655192197360871	0.03614457831325301	0.8973034997131383	1
1293	0.002751031636863824	0.2599724896836314	0.7372764786795049	1
5028	0.0	0.4007067137809187	0.5992932862190813	1
1045	0.10752688172043012	0.31797235023041476	0.5745007680491552	1
1244	0.0	0.4639175257731959	0.5360824742268041	1
1055	0.0	0.2903225806451613	0.7096774193548387	1
1053	0.297979797979798	0.0	0.702020202020202	1
1035	0.0	0.4979508196721312	0.5020491803278688	1
1037	0.0	0.327134404057481	0.672865595942519	1
1039	0.0	0.25552050473186116	0.7444794952681387	1
1038	0.0	0.4796561604584527	0.5203438395415473	1
1040	0.0	0.16071428571428573	0.8392857142857143	1
1042	0.0	0.41931127616475355	0.5806887238352465	1
1043	0.0	0.5144508670520233	0.48554913294797686	1
1028	0.19459459459459458	0.2988416988416988	0.5065637065637065	1
1031	0.08773903262092239	0.0	0.9122609673790777	1
1229	0.17906836055656383	0.2450090744101633	0.5759225650332728	1
989	0.7668231611893584	0.13615023474178403	0.0970266040688576	2
1419	0.9629629629629629	0.0	0.037037037037037035	2
985	0.5973746503120293	0.33118140735958684	0.07144394232838391	2
59	0.8615384615384615	0.059340659340659324	0.07912087912087912	2
984	0.7668231611893584	0.13615023474178403	0.0970266040688576	2
65	0.8461538461538461	0.08653846153846154	0.0673076923076923	2
64	0.6011560693641619	0.1560693641618497	0.24277456647398843	2
63	0.5842696629213483	0.15168539325842695	0.2640449438202247	2
62	0.9761677788369876	0.008579599618684462	0.015252621544327931	2
61	0.8358208955223881	0.04477611940298508	0.11940298507462688	2
60	0.9376854599406528	0.026706231454005934	0.03560830860534124	2
995	0.5524861878453039	0.28839779005524857	0.15911602209944753	2
49	0.8492063492063492	0.07142857142857144	0.07936507936507936	2
990	0.5205577404361816	0.4408294601358599	0.03861279942795853	2
44	0.9629848978383181	0.013325436778205508	0.023689665383476458	2
45	0.5394990366088632	0.19075144508670522	0.2697495183044316	2
992	0.5180787911494873	0.29627630868861304	0.1856449001618996	2
46	0.6	0.0	0.4	2
52	0.9230769230769231	0.02925243770314193	0.047670639219934995	2
51	0.9208633093525179	0.024903154399557276	0.054233536247924735	2
50	0.9501312335958005	0.023622047244094488	0.026246719160104987	2
81	0.9963547995139733	0.0	0.0036452004860267314	2
86	0.6983105390185036	0.12791633145615447	0.1737731295253419	2
85	0.5079207920792079	0.21386138613861383	0.27821782178217824	2
979	0.9500000000000001	0.0	0.049999999999999996	2
68	0.5881397238017873	0.1389114541023558	0.272948822095857	2
71	0.7132104853361018	0.15182974305735789	0.13495977160654035	2
76	0.7129337539432177	0.19873817034700314	0.08832807570977917	2
18	0.8967032967032966	0.05934065934065934	0.04395604395604396	2
17	0.5875	0.1125	0.3	2
15	0.8188976377952756	0.07086614173228346	0.11023622047244093	2
14	0.9058402860548271	0.03218116805721096	0.06197854588796186	2
745	0.5215469613259669	0.3281767955801105	0.15027624309392265	2
20	0.8630393996247655	0.08442776735459663	0.052532833020637895	2
743	0.5192519251925193	0.3267326732673267	0.154015401540154	2
21	0.4784313725490196	0.10588235294117646	0.4156862745098039	2
5	0.8363636363636363	0.09818181818181818	0.06545454545454546	2
4	0.9351432880844646	0.04072398190045249	0.024132730015082957	2
1	0.9081597814953908	0.05223625810856947	0.0396039603960396	2
3	0.9027777777777778	0.0625	0.034722222222222224	2
2	0.6942148760330578	0.07438016528925619	0.2314049586776859	2
9	0.6137566137566138	0.04761904761904762	0.33862433862433866	2
8	0.6199261992619927	0.09963099630996308	0.28044280442804426	2
10	0.8163265306122449	0.036734693877551024	0.1469387755102041	2
36	0.8632098765432099	0.08444444444444443	0.05234567901234568	2
34	0.6495726495726496	0.07692307692307693	0.27350427350427353	2
37	0.4874551971326165	0.0967741935483871	0.4157706093189964	2
42	1.0	0.0	0.0	2
43	0.8905539202568906	0.031308536259031315	0.07813754348407814	2
40	0.6489675516224189	0.2920353982300885	0.058997050147492625	2
41	0.9555555555555555	0.0	0.044444444444444446	2
23	0.49411764705882355	0.10588235294117647	0.39999999999999997	2
22	0.7114624505928854	0.17786561264822134	0.11067193675889327	2
25	0.6947309729579035	0.06774463339838305	0.23752439364371342	2
24	0.8404371584699453	0.05901639344262294	0.10054644808743167	2
27	0.731829573934837	0.06766917293233082	0.2005012531328321	2
26	0.6881720430107527	0.0967741935483871	0.21505376344086022	2
29	0.7304147465437787	0.05184331797235022	0.2177419354838709	2
28	0.7080745341614907	0.05590062111801242	0.23602484472049687	2
734	0.5787234042553191	0.21702127659574466	0.2042553191489362	2
735	0.687603305785124	0.0743801652892562	0.23801652892561984	2
737	0.5428253615127919	0.3103448275862069	0.14682981090100108	2
738	0.5414847161572052	0.31441048034934493	0.14410480349344976	2
739	0.53125	0.3214285714285714	0.14732142857142855	2
30	0.7357512953367875	0.046632124352331605	0.21761658031088082	2
31	0.7147766323024055	0.09278350515463916	0.1924398625429553	2
732	0.8592321755027422	0.049360146252285186	0.09140767824497258	2
733	0.687603305785124	0.0743801652892562	0.23801652892561984	2
251	0.5295774647887325	0.07605633802816901	0.39436619718309857	2
243	0.7681498829039811	0.063231850117096	0.1686182669789227	2
790	0.7698744769874477	0.11297071129707112	0.11715481171548117	2
791	0.782608695652174	0.09782608695652174	0.11956521739130437	2
796	0.5652173913043478	0.09782608695652173	0.33695652173913043	2
795	0.5915492957746479	0.1267605633802817	0.2816901408450704	2
272	0.798175598631699	0.13340935005701254	0.06841505131128849	2
280	0.9367369589345171	0.023307436182019976	0.03995560488346282	2
278	0.46258503401360546	0.18367346938775508	0.35374149659863946	2
275	0.6384364820846905	0.08794788273615634	0.2736156351791531	2
276	0.473469387755102	0.1836734693877551	0.34285714285714286	2
279	0.8178137651821862	0.10931174089068825	0.07287449392712551	2
484	0.6316329146372724	0.15918995129453986	0.2091771340681876	2
485	0.7017937219730943	0.030269058295964126	0.2679372197309417	2
90	0.7962760131434831	0.019715224534501644	0.18400876232201535	2
95	0.9133425034387895	0.037138927097661624	0.04951856946354883	2
96	0.9097651421508035	0.05562422744128554	0.034610630407911	2
93	0.6666666666666666	0.0	0.3333333333333333	2
94	0.8949771689497716	0.0684931506849315	0.0365296803652968	2
91	0.96	0.0	0.04	2
92	0.9672131147540983	0.0	0.03278688524590164	2
89	0.8147692307692308	0.027692307692307693	0.15753846153846154	2
88	0.8092485549132947	0.05202312138728324	0.13872832369942195	2
1195	0.9101449275362319	0.08695652173913043	0.002898550724637681	2
580	0.735632183908046	0.13103448275862067	0.13333333333333333	2
573	0.7543698252069918	0.20147194112235514	0.04415823367065318	2
572	0.7227926078028748	0.23496626576708715	0.04224112643003814	2
574	0.7115554248750369	0.24610408703322556	0.04234048809173773	2
564	0.5115089514066495	0.4457102999302488	0.0427807486631016	2
1179	0.7548601232811759	0.22617354196301565	0.01896633475580844	2
310	0.7531219980787706	0.07780979827089338	0.16906820365033623	2
311	0.7741935483870968	0.04682622268470343	0.17898022892819976	2
599	0.7888081786386871	0.07021791767554479	0.1409739036857681	2
594	0.8276234151605072	0.05584030213110332	0.11653628270838955	2
304	0.720417633410673	0.05220417633410673	0.22737819025522046	2
309	0.7209302325581396	0.1794019933554817	0.09966777408637874	2
307	0.6753246753246752	0.11688311688311687	0.20779220779220778	2
308	0.807511737089202	0.04225352112676057	0.1502347417840376	2
306	0.8056537102473498	0.09540636042402825	0.0989399293286219	2
588	0.5225653206650831	0.342042755344418	0.13539192399049882	2
587	0.6254886630179828	0.2181391712275215	0.1563721657544957	2
338	0.9766580214894405	0.010003705075954055	0.013338273434605408	2
330	1.0	0.0	0.0	2
335	0.53125	0.3214285714285714	0.14732142857142855	2
334	0.6270270270270271	0.1945945945945946	0.17837837837837836	2
337	0.9691211401425178	0.02137767220902613	0.00950118764845606	2
336	0.9297297297297297	0.04864864864864864	0.02162162162162162	2
530	0.7102317104920594	0.15230408747721946	0.13746420203072116	2
531	0.8515185601799776	0.040494938132733416	0.1079865016872891	2
532	0.6849504494123069	0.24683106706614427	0.06821848352154875	2
533	0.7331855136733186	0.1574279379157428	0.10938654841093866	2
534	0.8457956724185155	0.03697617091207888	0.11722815666940563	2
535	0.8405417212756663	0.05111402359108781	0.10834425513324596	2
536	0.8460508701472557	0.052208835341365466	0.10174029451137885	2
537	0.7677568549719195	0.10406342913776016	0.12817971589032046	2
538	0.776049766718507	0.11197511664074651	0.11197511664074651	2
539	0.8431590656284761	0.05005561735261402	0.1067853170189099	2
329	0.9130434782608694	0.05590062111801242	0.03105590062111801	2
326	0.7666666666666667	0.18	0.05333333333333334	2
523	0.9078014184397163	0.06382978723404255	0.028368794326241134	2
524	0.7255813953488371	0.1255813953488372	0.14883720930232558	2
527	0.6143867924528302	0.12735849056603774	0.25825471698113206	2
528	0.7437477346864806	0.1402682131206959	0.1159840521928235	2
526	0.511411271541686	0.37307871448532837	0.11551001397298556	2
529	0.7951612903225806	0.07258064516129033	0.132258064516129	2
355	0.9230769230769231	0.02097902097902098	0.055944055944055944	2
361	0.8871595330739299	0.03501945525291829	0.07782101167315175	2
349	0.9	0.0	0.09999999999999999	2
348	0.9199999999999999	0.0	0.08	2
347	0.888888888888889	0.0	0.11111111111111112	2
346	0.9662921348314606	0.0	0.033707865168539325	2
345	0.705103448275862	0.05213793103448276	0.24275862068965517	2
344	0.65	0.08181818181818182	0.2681818181818182	2
343	0.6392479435957698	0.07403055229142186	0.28672150411280845	2
342	0.6331288343558282	0.07730061349693251	0.28957055214723926	2
350	0.9310344827586207	0.0	0.06896551724137931	2
541	0.8465550370573703	0.05682130112544607	0.09662366181718365	2
542	0.8215077605321507	0.05986696230598669	0.11862527716186251	2
1108	0.9961038961038962	0.0	0.003896103896103896	2
1106	0.9060324825986079	0.05220417633410673	0.04176334106728539	2
1107	1.0	0.0	0.0	2
1104	0.9287305122494431	0.03006681514476614	0.04120267260579064	2
1105	0.9250704225352112	0.02535211267605634	0.0495774647887324	2
1110	1.0	0.0	0.0	2
902	0.5830311820159536	0.07179115300942712	0.34517766497461927	2
518	0.8322147651006712	0.020134228187919462	0.14765100671140938	2
515	0.7391304347826086	0.13043478260869565	0.13043478260869565	2
514	0.8289290681502086	0.02753824756606398	0.1435326842837274	2
513	0.5699745547073791	0.20610687022900764	0.22391857506361326	2
1128	0.8454545454545453	0.0818181818181818	0.07272727272727272	2
1129	0.8303571428571428	0.08035714285714285	0.08928571428571427	2
1131	0.7902268760907505	0.07853403141361257	0.131239092495637	2
1130	0.7579661016949152	0.1159322033898305	0.12610169491525425	2
107	0.4163568773234201	0.16728624535315986	0.4163568773234201	2
108	0.5349301397205589	0.23353293413173654	0.23153692614770457	2
103	0.5491990846681922	0.317162471395881	0.13363844393592678	2
104	0.725668920905616	0.044986768597471326	0.22934431049691265	2
101	0.8034188034188033	0.07692307692307691	0.11965811965811966	2
102	0.7102803738317757	0.08411214953271029	0.20560747663551404	2
100	0.8110599078341014	0.12442396313364054	0.06451612903225806	2
1119	0.9725490196078431	0.01764705882352941	0.00980392156862745	2
120	0.6534653465346535	0.08910891089108912	0.25742574257425743	2
500	0.5318158303155717	0.28401448525607864	0.18416968442834974	2
1112	0.9949899799599199	0.0	0.00501002004008016	2
502	1.0	0.0	0.0	2
1115	0.9985074626865672	0.0	0.0014925373134328358	2
1117	0.976904176904177	0.013267813267813266	0.009828009828009828	2
1118	0.9619512195121951	0.026341463414634145	0.011707317073170732	2
1120	0.9016609543896651	0.011863959926179805	0.08647508568415502	2
115	0.8766467065868264	0.03233532934131736	0.09101796407185628	2
116	0.9950422863808691	0.002624671916010499	0.0023330417031204435	2
117	0.8344438749359303	0.12455151204510506	0.04100461301896463	2
1149	0.9618768328445748	0.026392961876832845	0.011730205278592375	2
1148	0.8115942028985508	0.13043478260869565	0.057971014492753624	2
1147	0.9618768328445748	0.026392961876832845	0.011730205278592375	2
1153	0.8888888888888888	0.07692307692307693	0.03418803418803419	2
1154	0.9618768328445748	0.026392961876832845	0.011730205278592375	2
1152	0.9618768328445748	0.026392961876832845	0.011730205278592375	2
1150	0.8115942028985508	0.13043478260869565	0.057971014492753624	2
1134	0.8119402985074626	0.08059701492537312	0.10746268656716418	2
1136	0.9928481278923011	0.0037862852334875894	0.0033655868742111907	2
1336	0.5336721728081322	0.3850063532401525	0.08132147395171538	2
1142	0.9707865168539326	0.020224719101123594	0.008988764044943821	2
1143	0.966183574879227	0.006211180124223602	0.027605244996549344	2
1333	0.5077574047954867	0.455168245013097	0.037074350191416486	2
1166	0.9808729769494852	0.013241785188818049	0.005885237861696911	2
1156	0.7681498829039811	0.063231850117096	0.1686182669789227	2
1155	0.8311688311688312	0.11688311688311688	0.05194805194805195	2
1158	0.8712871287128713	0.0891089108910891	0.039603960396039604	2
1157	0.9672544080604534	0.022670025188916875	0.010075566750629723	2
1159	0.7868852459016393	0.14754098360655737	0.06557377049180328	2
1161	0.9731958762886598	0.018556701030927835	0.008247422680412371	2
1163	0.9702970297029703	0.017821782178217824	0.011881188118811881	2
2009	0.6284013605442178	0.32908163265306123	0.04251700680272109	2
2007	0.9376505218089376	0.04094193203104094	0.02140754616002141	2
2004	0.506879073135409	0.43664011585807383	0.05648081100651701	2
842	0.6511085180863476	0.11551925320886815	0.23337222870478413	2
1318	0.6800618238021638	0.18083462132921174	0.1391035548686244	2
840	0.5298759864712513	0.23337091319052986	0.2367531003382187	2
1317	0.8413967185527976	0.04922170803533867	0.1093815734118637	2
1315	0.6611570247933884	0.23022432113341204	0.10861865407319954	2
1314	0.856378233719893	0.056199821587867974	0.08742194469223909	2
1313	0.7681159420289855	0.11739130434782608	0.1144927536231884	2
1311	0.8307692307692308	0.04153846153846153	0.12769230769230772	2
1310	0.7747816179263197	0.09912647170527913	0.12609191036840106	2
850	0.6114649681528662	0.28662420382165604	0.10191082802547771	2
851	0.7727272727272727	0.20454545454545456	0.022727272727272728	2
853	0.7299270072992701	0.06569343065693431	0.20437956204379562	2
854	0.5577857595605324	0.38981618423832665	0.05239805620114093	2
855	0.6112801310554645	0.34753100865902176	0.04118886028551369	2
856	0.6037735849056604	0.16981132075471697	0.22641509433962265	2
857	1.0	0.0	0.0	2
864	0.7907848915081704	0.07956067506027324	0.1296544334315564	2
865	0.853143013999451	0.027175404886082898	0.1196815811144661	2
862	0.8448700410396717	0.05663474692202462	0.09849521203830369	2
863	0.8322295805739515	0.04966887417218543	0.11810154525386311	2
868	0.39714964370546313	0.2693586698337292	0.3334916864608076	2
1309	0.6985446985446986	0.19833679833679832	0.10311850311850312	2
870	0.463768115942029	0.22826086956521738	0.3079710144927536	2
2001	0.8065506653019446	0.19344933469805528	0.0	2
805	0.8818897637795275	0.09921259842519685	0.01889763779527559	2
804	0.9218436873747494	0.05410821643286572	0.024048096192384766	2
601	1.0	0.0	0.0	2
816	0.5830508474576271	0.09152542372881355	0.3254237288135593	2
815	0.664406779661017	0.09152542372881355	0.2440677966101695	2
818	0.5714285714285715	0.07871720116618075	0.34985422740524785	2
817	0.6310160427807486	0.048128342245989296	0.320855614973262	2
819	0.8742058449809402	0.03430749682337992	0.09148665819567979	2
829	0.6372881355932204	0.09152542372881355	0.2711864406779661	2
828	0.8235294117647058	0.058823529411764705	0.11764705882352941	2
825	0.8835341365461847	0.03614457831325302	0.08032128514056225	2
824	0.8648648648648649	0.02702702702702703	0.10810810810810811	2
823	0.6247877758913413	0.07640067911714771	0.2988115449915111	2
822	0.639269406392694	0.0684931506849315	0.2922374429223744	2
821	0.863582443653618	0.03202846975088968	0.1043890865954923	2
820	0.8808988764044945	0.020224719101123598	0.09887640449438204	2
623	1.0	0.0	0.0	2
628	0.85667215815486	0.04448105436573311	0.09884678747940691	2
629	0.9512670565302144	0.01754385964912281	0.03118908382066277	2
626	0.8643678160919539	0.062068965517241365	0.0735632183908046	2
627	0.8445297504798465	0.08637236084452975	0.0690978886756238	2
624	0.9607535321821036	0.014128728414442699	0.02511773940345369	2
625	0.8565656565656565	0.05454545454545454	0.08888888888888889	2
838	1.0	0.0	0.0	2
837	0.8820224719101125	0.050561797752809	0.06741573033707866	2
839	1.0	0.0	0.0	2
834	0.8803301237964236	0.03713892709766162	0.08253094910591471	2
833	0.9537892791127541	0.0166358595194085	0.029574861367837338	2
836	0.8802588996763754	0.02912621359223301	0.09061488673139158	2
835	0.8745519713261649	0.0967741935483871	0.028673835125448032	2
832	0.983606557377049	0.011349306431273644	0.005044136191677174	2
831	0.8127294981640147	0.15422276621787026	0.033047735618115054	2
631	0.8530120481927711	0.06506024096385542	0.0819277108433735	2
632	0.928657799274486	0.03264812575574365	0.03869407496977025	2
633	0.9112582781456954	0.035761589403973504	0.052980132450331126	2
634	0.9435897435897436	0.02769230769230769	0.028717948717948714	2
630	0.8	0.08059701492537312	0.11940298507462686	2
639	0.9343629343629344	0.03474903474903475	0.030888030888030892	2
635	0.8402625820568929	0.09846827133479213	0.0612691466083151	2
636	0.7577807848443843	0.18267929634641406	0.05953991880920163	2
637	0.9012875536480688	0.03862660944206009	0.06008583690987125	2
638	0.9065934065934066	0.049450549450549455	0.04395604395604396	2
647	0.937734433608402	0.02025506376594148	0.04201050262565641	2
648	0.8192771084337349	0.10843373493975904	0.07228915662650603	2
151	0.7902163687676387	0.09313264346190027	0.11665098777046096	2
150	0.6790890269151139	0.16770186335403728	0.1532091097308489	2
152	0.7779690189328744	0.10843373493975902	0.1135972461273666	2
641	0.8677248677248677	0.04761904761904762	0.08465608465608467	2
640	0.9354838709677421	0.02639296187683285	0.03812316715542523	2
643	0.9489916963226572	0.03202846975088968	0.018979833926453145	2
642	0.8264462809917356	0.0743801652892562	0.09917355371900827	2
644	0.8610855565777369	0.05795768169273229	0.08095676172953084	2
147	0.6507544581618655	0.06172839506172839	0.28751714677640605	2
148	0.8146639511201629	0.05498981670061099	0.13034623217922608	2
149	0.8903654485049834	0.029900332225913623	0.079734219269103	2
659	0.8959156785243741	0.035573122529644265	0.06851119894598155	2
658	0.9346733668341709	0.015075376884422112	0.05025125628140704	2
154	1.0	0.0	0.0	2
159	0.5633802816901409	0.22816901408450704	0.2084507042253521	2
669	0.6376811594202898	0.13043478260869565	0.2318840579710145	2
668	0.7231638418079095	0.05084745762711864	0.22598870056497172	2
665	0.5301204819277109	0.10843373493975902	0.36144578313253006	2
664	0.9483509645301805	0.016801493466085875	0.03484754200373367	2
667	0.8317757009345794	0.08411214953271028	0.08411214953271028	2
666	0.6218487394957983	0.07563025210084033	0.3025210084033613	2
661	0.8324873096446701	0.04568527918781727	0.12182741116751271	2
660	0.7630769230769231	0.027692307692307693	0.20923076923076922	2
663	0.7643979057591622	0.04712041884816753	0.18848167539267013	2
662	0.8690095846645368	0.028753993610223644	0.10223642172523963	2
670	0.6021505376344085	0.0967741935483871	0.30107526881720426	2
121	0.8546409807355516	0.04728546409807355	0.09807355516637477	2
124	0.8369098712446351	0.048283261802575105	0.11480686695278969	2
679	0.9817444219066938	0.018255578093306288	0.0	2
678	0.7588075880758808	0.024390243902439025	0.21680216802168023	2
677	0.8442906574394463	0.03114186851211073	0.12456747404844291	2
676	0.794979079497908	0.03765690376569038	0.1673640167364017	2
675	0.8144796380090499	0.0407239819004525	0.14479638009049775	2
674	0.7327327327327328	0.02702702702702703	0.24024024024024027	2
673	0.6844106463878328	0.10266159695817491	0.2129277566539924	2
672	0.6534653465346535	0.08910891089108912	0.25742574257425743	2
671	0.6601941747572815	0.08737864077669903	0.2524271844660194	2
680	0.47232472324723246	0.23247232472324722	0.2952029520295203	2
681	0.8651162790697675	0.04186046511627907	0.09302325581395349	2
134	0.8753180661577609	0.02290076335877863	0.10178117048346057	2
133	0.6517571884984026	0.08626198083067092	0.26198083067092653	2
682	0.6810477657935284	0.041602465331278884	0.2773497688751926	2
684	0.8396946564885497	0.06870229007633588	0.0916030534351145	2
685	0.8475701780863266	0.12224569876245095	0.030184123151222455	2
687	0.6620689655172414	0.06206896551724138	0.27586206896551724	2
688	0.9584487534626038	0.024930747922437674	0.016620498614958446	2
689	0.7540983606557377	0.1475409836065574	0.09836065573770492	2
385	0.5655172413793103	0.0	0.43448275862068964	2
389	0.8790697674418604	0.0	0.12093023255813953	2
391	0.9764705882352942	0.0	0.023529411764705882	2
390	0.995260663507109	0.0	0.004739336492890996	2
690	0.6060606060606061	0.2727272727272727	0.12121212121212122	2
1560	0.5040214477211796	0.12064343163538875	0.37533512064343166	2
398	0.8304597701149425	0.025862068965517244	0.14367816091954025	2
397	0.9965831435079727	0.0	0.003416856492027335	2
1558	1.0	0.0	0.0	2
1555	0.7841726618705036	0.06474820143884892	0.1510791366906475	2
1554	0.7129337539432177	0.19873817034700314	0.08832807570977917	2
172	0.8572984749455338	0.06862745098039216	0.07407407407407407	2
173	0.9806736609607951	0.014908890115958032	0.004417448923246825	2
174	0.8229561451001625	0.04385489983757444	0.13318895506226314	2
170	0.4083333333333334	0.3	0.2916666666666667	2
366	0.5777777777777777	0.02	0.40222222222222226	2
171	0.4609665427509294	0.16728624535315986	0.3717472118959108	2
169	0.6549707602339182	0.08771929824561404	0.2573099415204678	2
168	0.4986149584487534	0.12465373961218836	0.3767313019390581	2
185	0.8175182481751825	0.06569343065693431	0.11678832116788322	2
186	0.8935064935064935	0.023376623376623377	0.08311688311688312	2
182	0.8671875	0.030133928571428565	0.10267857142857141	2
180	0.9240710823909531	0.043618739903069456	0.03231017770597738	2
384	0.9685230024213075	0.021791767554479417	0.009685230024213076	2
383	0.9910846953937593	0.0	0.008915304606240713	2
179	0.8737474949899798	0.05410821643286572	0.0721442885771543	2
1475	0.5342960288808664	0.16245487364620936	0.30324909747292417	2
1474	0.5295774647887325	0.07605633802816901	0.39436619718309857	2
1478	0.7279843444227007	0.08806262230919766	0.18395303326810178	2
1080	1.0	0.0	0.0	2
472	1.0	0.0	0.0	2
470	0.5934065934065934	0.09890109890109888	0.3076923076923076	2
1087	0.9478672985781991	0.014218009478672987	0.037914691943127965	2
1086	0.9649122807017544	0.0	0.03508771929824561	2
1085	0.9459459459459459	0.0	0.05405405405405406	2
469	0.49499116087212724	0.4295816146140248	0.07542722451384797	2
468	0.9567198177676538	0.02050113895216401	0.022779043280182234	2
467	0.9357326478149101	0.023136246786632394	0.04113110539845759	2
1079	1.0	0.0	0.0	2
466	0.9417040358744396	0.04035874439461884	0.017937219730941707	2
465	0.8292682926829269	0.10975609756097562	0.06097560975609757	2
464	0.897196261682243	0.05046728971962616	0.05233644859813084	2
462	0.5146371463714637	0.32988929889298896	0.1554735547355474	2
1457	0.7754943776657618	0.09422256688639007	0.130283055447848	2
1456	0.7555394115510352	0.1209589538685071	0.12350163458045768	2
1458	0.6743088334457182	0.2002697235333783	0.1254214430209036	2
1455	0.8288288288288288	0.048648648648648644	0.12252252252252252	2
1075	0.875	0.0	0.12500000000000003	2
1071	0.9837099316868103	0.01418812401471361	0.0021019442984760908	2
1070	1.0	0.0	0.0	2
1073	0.9840331164991131	0.01596688350088705	0.0	2
460	0.7696577243293248	0.041628122109158186	0.1887141535615171	2
461	0.7806970509383377	0.10134048257372655	0.11796246648793565	2
452	0.912751677852349	0.06040268456375839	0.026845637583892617	2
451	0.5493230174081237	0.3733075435203095	0.07736943907156672	2
453	0.7368421052631579	0.031578947368421054	0.23157894736842105	2
1067	0.7499999999999999	0.0	0.25	2
1068	0.7506534239414532	0.07997909043387348	0.16936748562467327	2
455	0.9576642335766422	0.013138686131386862	0.029197080291970802	2
1069	1.0	0.0	0.0	2
458	0.5670498084291188	0.034482758620689655	0.39846743295019155	2
457	0.6365795724465558	0.021377672209026127	0.342042755344418	2
459	0.5670498084291188	0.034482758620689655	0.39846743295019155	2
1469	0.7814761215629523	0.09117221418234443	0.12735166425470335	2
1468	0.7700534759358288	0.10588235294117647	0.12406417112299464	2
1467	0.6966618287373004	0.18287373004354135	0.1204644412191582	2
1466	0.7747816179263197	0.09912647170527913	0.12609191036840106	2
1465	0.783711102573953	0.0933538225124856	0.12293507491356127	2
1464	0.8167701863354037	0.05590062111801242	0.12732919254658384	2
1463	0.6771819137749736	0.19242902208201892	0.13038906414300735	2
1066	0.8	0.0	0.2	2
1065	0.8631459398069279	0.0051107325383304945	0.13174332765474162	2
1064	0.8235294117647058	0.0	0.17647058823529413	2
1063	0.9666666666666667	0.0	0.03333333333333333	2
442	0.5369237046103631	0.42227662178702574	0.04079967360261118	2
441	0.5924082140634723	0.39016801493466086	0.017423771001866834	2
1058	0.7262723521320494	0.1856946354883081	0.08803301237964237	2
446	0.6906474820143885	0.19424460431654678	0.11510791366906475	2
445	0.8357756442647802	0.14098029307731177	0.023244062657908033	2
1057	0.5599774202653118	0.03810330228619813	0.40191927744849	2
444	1.0	0.0	0.0	2
1473	0.4083333333333334	0.3	0.2916666666666667	2
1470	0.8082292432035268	0.05951506245407789	0.1322556943423953	2
448	0.9011177987962167	0.023215821152192607	0.07566638005159071	2
235	0.9269521410579346	0.02267002518891688	0.05037783375314862	2
238	0.9901657769036246	0.007586400674346726	0.00224782242202866	2
237	0.8823529411764706	0.0	0.11764705882352942	2
232	0.8275862068965517	0.04900181488203266	0.1234119782214156	2
231	0.7609756097560976	0.04390243902439025	0.1951219512195122	2
234	0.7692307692307693	0.053254437869822494	0.1775147928994083	2
233	0.8958009331259719	0.04199066874027993	0.062208398133748045	2
239	0.6451612903225806	0.14516129032258066	0.20967741935483872	2
227	0.9165687426556992	0.04230317273795535	0.041128084606345476	2
226	0.6822262118491921	0.0807899461400359	0.23698384201077197	2
225	0.6305418719211823	0.07389162561576355	0.2955665024630542	2
224	0.8768035516093229	0.02996670366259711	0.0932297447280799	2
223	0.8837209302325582	0.02990033222591362	0.08637873754152824	2
222	0.8867976750622751	0.032383061168004434	0.08081926376972046	2
221	0.8314789687924016	0.07082767978290366	0.09769335142469471	2
220	0.7233468286099864	0.20647773279352222	0.07017543859649122	2
210	0.7711598746081505	0.08463949843260188	0.14420062695924765	2
212	0.7333333333333334	0.08571428571428572	0.18095238095238095	2
214	0.9353233830845771	0.044776119402985065	0.019900497512437807	2
213	0.5161290322580645	0.17419354838709675	0.3096774193548387	2
216	0.8119402985074626	0.08059701492537312	0.10746268656716418	2
215	0.9604221635883905	0.0237467018469657	0.0158311345646438	2
217	0.7092198581560283	0.06382978723404255	0.22695035460992907	2
415	1.0	0.0	0.0	2
416	1.0	0.0	0.0	2
410	0.9558823529411765	0.0	0.04411764705882353	2
411	0.9811320754716982	0.0	0.01886792452830189	2
412	1.0	0.0	0.0	2
413	0.5873959571938169	0.3103448275862069	0.10225921521997622	2
414	1.0	0.0	0.0	2
205	0.8190743338008415	0.06311360448807854	0.11781206171107995	2
1299	0.7109961190168176	0.15135834411384216	0.13764553686934025	2
209	0.5555555555555556	0.1875	0.2569444444444445	2
208	0.6884970612930311	0.05289672544080604	0.2586062132661629	2
207	0.7380952380952381	0.10714285714285714	0.15476190476190477	2
206	0.7449392712550607	0.10931174089068825	0.14574898785425103	2
406	0.5717082721488007	0.3039647577092511	0.1243269701419481	2
407	0.9910714285714286	0.0	0.00892857142857143	2
405	0.7939614201845122	0.08303047246295779	0.12300810735253005	2
408	0.8666666666666667	0.0	0.13333333333333333	2
409	0.9714285714285714	0.0	0.028571428571428574	2
402	0.6373626373626373	0.09890109890109891	0.26373626373626374	2
401	0.9635854341736695	0.025210084033613446	0.011204481792717087	2
1292	0.8666291502532358	0.04558244231851435	0.08778840742824986	2
1004	0.7310549777117386	0.14710252600297177	0.12184249628528974	2
1291	0.896358543417367	0.03529411764705882	0.06834733893557422	2
1007	0.7057132590729429	0.1649299317283507	0.12935680919870643	2
1008	0.7449092928544983	0.13661606812291743	0.11847463902258422	2
1006	0.7779092702169624	0.06745562130177514	0.15463510848126233	2
1009	0.7643312101910829	0.11127763207193707	0.12439115773698016	2
1287	0.6336311941510967	0.07067424857839154	0.2956945572705118	2
1011	0.9202614379084967	0.021176470588235293	0.05856209150326797	2
1010	0.8847826086956523	0.04891304347826087	0.06630434782608695	2
1282	0.7623126338329764	0.21199143468950749	0.025695931477516056	2
1275	0.6700111482720179	0.05016722408026757	0.2798216276477147	2
1272	0.8572984749455338	0.06862745098039216	0.07407407407407407	2
1273	0.5103448275862069	0.18620689655172412	0.303448275862069	2
1270	0.773600216391669	0.09007303218826077	0.13632675142007034	2
1271	0.7094455852156056	0.14784394250513347	0.14271047227926079	2
1269	0.7046632124352331	0.046632124352331605	0.24870466321243523	2
1265	0.6446280991735537	0.0743801652892562	0.2809917355371901	2
1259	0.5800604229607251	0.08157099697885196	0.338368580060423	2
1258	0.6857142857142857	0.08571428571428572	0.22857142857142856	2
1046	0.9232531500572737	0.03092783505154639	0.04581901489117984	2
1049	0.8560311284046692	0.02101167315175097	0.12295719844357977	2
1050	0.9618467457518436	0.008656620711766592	0.029496633536389868	2
1051	0.9565217391304348	0.0	0.043478260869565216	2
1054	0.8312412831241283	0.05271966527196653	0.11603905160390517	2
1052	0.9230769230769231	0.0	0.07692307692307693	2
1233	0.9137931034482759	0.03879310344827586	0.04741379310344828	2
1234	0.9628640128239381	0.02644937216136789	0.010686615014694097	2
1236	0.9956043956043955	0.0	0.004395604395604396	2
1237	0.9930795847750866	0.0	0.006920415224913496	2
1238	0.9164015041943882	0.023430720277697423	0.06016777552791437	2
1027	0.7784711388455539	0.1123244929797192	0.10920436817472699	2
1026	0.7340386720175119	0.14775629332360454	0.11820503465888363	2
1017	0.5962841530054646	0.32065573770491806	0.08306010928961749	2
1016	0.8547443398626304	0.05265835665225134	0.0925973034851183	2
1019	0.8450402144772118	0.05308310991957105	0.10187667560321716	2
1018	0.7248596222562532	0.1424196018376723	0.13272077590607453	2
1013	0.8955389304516487	0.03241895261845387	0.07204211692989748	2
1012	0.7264320575391728	0.1502697148728487	0.12329822758797841	2
1015	0.8186469584991473	0.07674815235929505	0.10460488914155769	2
1014	0.8754208754208754	0.05050505050505051	0.07407407407407407	2
1020	0.7298064516129033	0.1463225806451613	0.12387096774193548	2
1021	0.7298064516129033	0.1463225806451613	0.12387096774193548	2
1022	0.9906759906759907	0.0	0.009324009324009324	2
1411	0.2986003110419907	0.48989113530326595	0.2115085536547434	3
987	0.4424890006285355	0.5147705845380265	0.042740414833438094	3
988	0.41044434264773244	0.5483279890059551	0.04122766834631241	3
986	0.49040018505667354	0.46426092990978485	0.04533888503354152	3
991	0.23403496254013553	0.7545486978237602	0.011416339636104174	3
47	0.0	0.7432338653712699	0.25676613462873	3
53	0.0	0.6716417910447761	0.32835820895522383	3
